100 500
1 4
1 99
1 5
1 92
1 17
1 70
1 72
1 95
2 96
2 42
2 39
2 79
2 5
2 37
2 92
2 71
2 75
3 23
3 93
3 67
3 82
3 44
3 9
3 27
4 66
4 27
4 15
4 33
4 5
4 97
4 20
4 51
5 23
5 21
5 39
5 83
5 42
5 20
5 40
5 68
5 90
5 22
6 33
6 69
6 78
6 99
6 35
6 51
6 54
7 95
7 74
7 62
7 45
7 64
7 36
8 70
8 41
8 25
8 87
8 44
8 63
8 50
9 68
9 71
9 100
9 32
9 79
9 90
9 31
9 84
9 87
9 30
9 94
10 34
10 63
10 99
10 44
10 77
10 26
10 92
10 17
10 18
10 64
10 19
10 83
11 48
11 82
11 38
11 34
11 66
11 92
11 31
11 29
11 96
12 55
12 45
12 94
12 18
12 66
12 20
12 47
13 65
13 93
13 62
13 46
13 69
14 58
14 16
14 66
14 18
14 78
14 90
14 71
14 87
14 23
14 74
15 94
15 62
15 81
15 34
15 61
15 22
15 97
15 73
15 91
15 63
15 93
15 82
15 27
16 54
16 33
16 48
16 31
17 80
17 82
17 81
17 46
17 89
17 73
17 18
17 85
17 45
17 39
17 64
17 42
18 78
18 59
18 70
18 35
18 84
18 61
18 98
18 44
18 49
19 95
19 93
19 64
19 80
20 69
20 90
20 66
20 91
20 80
20 21
20 73
20 70
20 59
20 89
21 27
21 56
21 39
21 61
21 24
21 25
21 57
21 96
22 88
22 59
22 38
22 27
22 46
22 95
22 45
22 28
22 72
22 92
22 94
23 90
23 62
23 69
23 64
23 45
23 89
23 87
23 95
24 57
24 64
24 91
24 52
24 76
24 58
25 91
25 73
25 68
25 35
25 85
25 31
25 75
25 87
25 65
25 77
25 100
26 97
26 75
26 85
26 61
26 51
26 86
26 67
26 57
26 49
27 43
27 58
27 94
27 100
27 72
27 30
27 56
28 39
28 81
28 37
28 98
28 93
28 86
28 34
28 58
28 94
28 78
29 70
29 73
29 50
29 79
29 69
29 59
29 42
29 67
29 86
30 35
30 81
30 69
30 38
30 49
30 70
30 87
30 73
31 36
31 39
31 57
32 44
32 78
32 52
33 93
33 50
33 49
33 68
33 71
34 48
34 80
34 68
34 78
34 71
34 100
35 37
35 92
35 45
35 71
35 86
35 69
36 99
36 97
36 46
36 96
36 41
37 65
37 38
37 89
37 69
37 53
37 64
37 94
37 95
37 56
37 78
37 87
37 55
38 45
38 72
38 54
38 83
38 78
38 49
38 70
39 94
39 89
39 40
39 53
39 92
39 93
40 55
41 75
41 92
41 81
41 59
41 72
41 67
41 98
42 95
42 66
42 82
43 99
43 74
43 53
44 76
44 98
44 100
44 94
44 65
45 46
45 48
45 61
46 57
46 59
46 49
46 65
46 79
46 77
46 56
46 75
46 87
46 58
47 79
47 60
47 64
47 69
47 68
47 73
47 77
47 84
47 87
48 100
48 94
48 78
48 95
48 52
49 92
49 53
49 50
49 93
49 73
49 98
49 88
49 67
49 54
50 93
50 81
50 78
50 57
50 63
51 84
51 71
51 54
52 97
52 93
52 98
52 89
53 82
53 68
53 61
53 95
53 58
53 66
54 82
54 75
54 91
54 78
55 81
55 83
55 99
55 62
55 88
55 97
55 57
56 70
56 90
56 93
56 82
56 89
56 83
57 100
57 85
57 63
58 62
58 63
58 99
58 68
59 60
59 65
59 77
59 75
59 99
59 66
60 71
60 93
60 99
60 74
61 88
61 89
61 82
61 87
62 74
62 91
62 79
63 94
63 69
63 92
63 98
64 87
64 75
64 92
64 95
65 98
65 75
65 90
66 93
66 78
67 76
67 96
67 75
67 93
67 100
68 77
68 79
69 93
69 70
70 84
71 98
71 83
71 72
72 76
72 82
72 96
72 95
72 74
73 96
73 90
74 93
74 75
74 99
74 81
75 86
75 81
76 99
77 82
77 94
78 94
79 80
79 92
79 95
79 81
79 98
79 86
80 99
80 94
80 90
81 93
81 97
82 83
83 93
83 96
83 86
84 86
84 89
84 93
85 92
85 91
85 89
85 99
85 96
86 93
86 89
88 89
89 92
90 93
90 100
90 98
91 97
92 99
93 95
95 99
99 100
0 0 0 0 0 0 0 0 0 0 0 0 0 0 0 0 0 0 0 0 0 0 0 0 0 0 0 0 0 0 0 0 0 0 0 0 0 0 0 0 0 0 0 0 0 0 0 0 0 0 0 0 0 0 0 0 0 0 0 0 0 0 0 0 0 0 0 0 0 0 0 0 0 0 0 0 0 0 0 0 0 0 0 0 0 0 0 0 0 0 0 0 0 0 0 0 0 0 0 0