500 1000
1 426
1 346
1 118
2 32
2 232
2 441
3 278
3 285
4 192
4 16
4 445
5 362
5 169
5 111
6 335
6 99
6 441
6 424
6 343
6 387
7 230
7 305
7 44
7 97
7 467
7 357
7 397
7 371
7 441
8 88
8 321
9 199
10 334
10 160
10 240
10 264
11 149
11 248
11 99
11 485
11 290
11 299
11 339
11 457
11 492
12 348
12 306
12 212
13 447
13 278
13 418
14 277
14 377
14 373
15 19
15 458
15 191
15 48
15 418
15 400
17 380
17 414
17 316
17 97
17 73
18 83
18 337
18 191
18 474
19 140
19 486
19 260
19 284
20 499
20 74
20 319
20 265
20 176
21 459
21 51
21 482
22 26
22 397
22 268
22 365
22 386
23 478
24 328
24 334
24 173
24 187
24 121
25 179
25 194
25 488
25 369
25 238
25 119
25 76
25 240
26 183
26 487
27 227
27 186
27 211
27 125
28 302
28 84
29 80
29 171
29 169
29 85
29 53
29 347
30 37
31 302
31 81
31 64
31 445
32 59
32 486
33 480
33 467
33 221
34 76
34 356
35 279
35 224
35 335
35 198
35 462
35 149
36 429
36 127
36 417
36 261
36 190
37 149
37 470
37 324
37 466
38 408
38 218
38 82
38 494
38 39
38 189
38 88
38 404
39 240
39 118
39 338
40 249
40 490
40 266
40 335
40 381
41 187
41 354
41 428
41 484
42 118
42 235
42 82
42 239
42 307
42 480
43 272
43 348
43 220
43 78
44 66
44 227
44 90
44 129
45 357
45 115
45 494
45 322
45 202
45 358
45 154
46 118
46 69
46 412
46 394
47 234
47 174
48 370
48 142
48 413
49 136
49 162
49 178
49 381
49 74
49 421
49 398
50 421
50 120
50 470
51 257
51 371
51 482
51 224
52 204
52 78
52 499
52 192
54 314
54 499
54 254
54 400
54 236
55 57
55 161
55 114
55 469
56 152
56 259
57 285
57 487
57 221
57 147
57 343
58 373
58 197
58 96
58 360
58 161
59 355
59 116
59 72
60 171
60 126
60 265
60 445
61 153
61 412
61 228
62 131
62 305
62 303
62 69
63 296
63 236
63 201
63 182
63 370
63 476
64 284
64 163
64 313
64 371
64 230
65 407
65 287
65 322
65 321
66 231
66 308
66 70
67 312
67 195
67 445
67 245
67 391
67 92
68 130
68 153
69 361
69 87
70 122
70 133
70 456
71 398
71 278
71 224
72 311
73 127
73 458
73 358
74 173
74 315
74 298
75 383
75 165
75 155
75 186
76 191
77 127
77 475
77 469
77 178
77 122
78 394
78 178
78 374
78 238
78 461
78 474
78 299
78 278
78 372
79 110
79 339
79 268
80 373
80 215
80 382
80 497
80 328
81 440
81 171
81 211
81 159
81 85
82 424
82 98
82 287
83 488
83 428
84 105
85 298
86 307
87 273
87 473
88 261
88 431
88 298
89 219
89 245
89 286
89 141
89 326
89 132
89 229
90 486
90 239
90 415
90 437
90 366
90 265
90 409
92 431
92 327
92 122
92 251
93 498
93 438
93 104
95 124
95 383
95 295
95 447
95 476
96 495
96 323
97 290
97 419
97 326
98 331
98 295
98 356
98 436
98 284
99 301
99 272
99 489
99 488
99 131
100 338
100 286
100 323
100 153
100 415
100 259
100 152
101 141
101 296
101 461
102 301
102 228
102 393
103 324
103 445
103 232
104 443
104 483
105 375
105 145
105 112
105 379
106 131
106 300
106 362
106 369
107 112
107 302
107 288
107 408
107 303
108 421
108 498
108 492
109 447
110 191
110 451
110 467
110 491
111 378
111 366
111 327
111 435
111 466
112 290
113 489
113 429
114 267
114 426
114 411
114 117
115 417
115 123
116 225
116 426
116 246
117 171
117 378
117 293
118 219
118 395
119 268
119 399
119 403
119 454
120 289
121 419
121 462
122 403
122 399
123 142
123 134
124 373
124 346
124 259
124 272
125 388
126 285
126 408
126 193
126 235
128 171
129 458
129 353
130 326
130 270
130 194
130 316
131 355
131 162
131 198
131 179
132 285
133 248
133 274
133 245
134 335
134 493
135 313
135 412
135 301
135 414
135 318
135 375
135 325
136 254
136 333
136 267
136 266
137 334
137 184
138 334
139 258
139 294
140 436
140 380
140 338
141 319
141 433
142 365
142 348
142 262
143 201
143 285
143 409
143 372
144 347
144 283
144 412
146 209
146 207
147 245
147 457
147 166
147 190
147 357
148 237
149 476
149 313
150 203
150 489
150 192
151 424
151 459
151 158
152 346
152 162
152 356
153 251
154 323
154 226
155 469
155 240
155 357
156 268
156 347
157 183
157 486
157 371
157 351
157 366
158 313
158 217
158 400
159 421
159 209
159 324
159 422
160 439
161 284
161 314
161 295
162 308
162 248
162 276
162 244
163 258
163 328
164 321
164 228
164 490
165 409
166 240
166 430
166 295
166 190
166 392
167 390
167 263
167 246
168 314
168 369
169 349
170 449
170 245
171 314
171 474
172 317
172 235
172 424
173 330
173 464
174 286
174 438
175 481
175 345
175 436
175 403
176 388
176 185
177 435
178 268
178 279
178 363
178 384
179 479
179 395
180 315
180 433
180 191
180 445
180 343
181 331
181 426
182 499
183 410
183 320
183 370
184 286
185 192
185 464
185 246
185 293
185 295
186 488
186 212
186 289
186 435
186 462
187 397
187 290
187 369
187 248
188 391
188 382
188 452
188 249
188 264
189 282
189 265
189 259
189 466
191 481
191 408
191 385
191 455
191 360
192 426
193 496
193 282
194 204
194 257
195 439
195 310
195 280
196 367
196 400
196 459
196 340
196 486
196 401
196 262
196 357
197 312
197 384
198 208
198 371
198 368
198 255
199 346
199 256
200 225
200 238
200 267
201 211
201 446
201 374
201 298
201 265
201 329
202 323
202 261
203 416
204 273
204 303
205 435
205 232
206 494
206 250
206 366
207 395
208 477
208 277
209 211
209 303
210 310
210 452
211 439
212 287
214 466
214 216
216 417
217 430
217 380
217 357
217 347
219 267
219 361
219 400
221 312
222 365
222 476
222 411
223 437
223 463
223 475
224 322
225 310
225 286
225 319
226 347
226 419
227 240
227 242
227 369
229 235
229 307
230 444
230 332
230 252
230 459
231 334
234 462
234 375
234 445
234 376
235 435
235 479
235 437
236 366
236 297
236 494
237 374
238 392
238 323
238 492
239 326
239 271
240 424
240 402
240 325
240 465
240 298
240 411
241 433
241 308
241 460
242 288
242 310
243 415
244 382
245 311
245 371
245 490
245 288
246 284
246 412
247 432
247 319
247 395
248 291
248 262
248 435
248 263
249 412
250 378
250 364
251 448
252 268
253 412
253 422
254 432
254 449
254 418
254 331
256 467
256 473
257 305
257 418
257 282
258 290
258 419
259 483
259 299
260 467
261 353
261 378
261 330
262 295
263 430
264 316
264 284
264 422
264 490
265 288
268 402
268 497
268 346
269 292
269 398
269 486
270 322
270 449
270 333
270 384
271 468
271 478
272 413
273 283
275 376
276 303
276 395
276 314
277 431
277 292
277 441
277 322
278 428
278 363
280 429
281 342
281 491
281 399
282 355
282 328
283 439
285 298
285 411
286 329
286 299
287 328
287 456
288 488
288 461
290 479
292 352
293 375
294 303
295 345
295 361
296 364
297 408
297 377
297 443
297 454
298 442
299 389
299 388
300 303
300 366
300 395
301 313
302 474
302 483
303 340
303 472
305 361
306 478
306 483
306 370
307 487
307 413
307 308
308 320
308 335
309 453
310 396
310 353
310 324
311 366
311 417
312 359
312 329
313 497
313 316
314 366
317 496
318 445
318 486
319 406
319 332
319 439
321 420
321 457
322 456
323 419
323 393
324 410
324 448
325 464
325 384
326 395
327 487
328 391
329 411
329 334
330 494
331 416
333 340
333 431
334 337
334 419
336 346
336 407
336 448
339 462
340 372
340 363
341 443
342 481
342 457
342 362
344 399
345 481
345 399
346 458
347 364
347 387
348 420
350 408
351 480
352 388
355 483
359 470
359 372
359 368
360 470
361 400
361 462
363 378
364 488
367 427
369 412
370 436
370 464
371 410
373 445
373 421
374 475
375 484
375 386
378 496
378 387
380 499
382 433
382 442
383 384
383 404
385 471
386 447
386 453
387 488
387 424
388 488
388 452
389 416
390 391
391 453
392 416
394 428
396 427
399 458
399 427
399 498
399 476
401 414
402 411
402 451
405 499
406 469
406 407
408 444
409 414
410 418
410 497
411 413
412 442
414 435
415 498
415 432
418 456
423 431
425 447
426 469
426 497
427 462
427 435
428 473
428 492
433 473
436 489
437 487
438 471
439 455
440 490
444 494
445 486
446 468
447 480
454 470
455 480
456 493
458 482
461 479
464 483
467 468
475 493
484 498
486 492
0 0 0 0 0 0 0 0 0 0 0 0 0 0 0 0 0 0 0 0 0 0 0 0 0 0 0 0 0 0 0 0 0 0 0 0 0 0 0 0 0 0 0 0 0 0 0 0 0 0 0 0 0 0 0 0 0 0 0 0 0 0 0 0 0 0 0 0 0 0 0 0 0 0 0 0 0 0 0 0 0 0 0 0 0 0 0 0 0 0 0 0 0 0 0 0 0 0 0 0 0 0 0 0 0 0 0 0 0 0 0 0 0 0 0 0 0 0 0 0 0 0 0 0 0 0 0 0 0 0 0 0 0 0 0 0 0 0 0 0 0 0 0 0 0 0 0 0 0 0 0 0 0 0 0 0 0 0 0 0 0 0 0 0 0 0 0 0 0 0 0 0 0 0 0 0 0 0 0 0 0 0 0 0 0 0 0 0 0 0 0 0 0 0 0 0 0 0 0 0 0 0 0 0 0 0 0 0 0 0 0 0 0 0 0 0 0 0 0 0 0 0 0 0 0 0 0 0 0 0 0 0 0 0 0 0 0 0 0 0 0 0 0 0 0 0 0 0 0 0 0 0 0 0 0 0 0 0 0 0 0 0 0 0 0 0 0 0 0 0 0 0 0 0 0 0 0 0 0 0 0 0 0 0 0 0 0 0 0 0 0 0 0 0 0 0 0 0 0 0 0 0 0 0 0 0 0 0 0 0 0 0 0 0 0 0 0 0 0 0 0 0 0 0 0 0 0 0 0 0 0 0 0 0 0 0 0 0 0 0 0 0 0 0 0 0 0 0 0 0 0 0 0 0 0 0 0 0 0 0 0 0 0 0 0 0 0 0 0 0 0 0 0 0 0 0 0 0 0 0 0 0 0 0 0 0 0 0 0 0 0 0 0 0 0 0 0 0 0 0 0 0 0 0 0 0 0 0 0 0 0 0 0 0 0 0 0 0 0 0 0 0 0 0 0 0 0 0 0 0 0 0 0 0 0 0 0 0 0 0 0 0 0 0 0 0 0 0 0 0 0 0 0 0 0 0 0 0 0 0 0 0 0 0 0 0 0 0 0 0 0 0 0 0 0 0 0 0 0 0 0 0 0 0 0 0 0 0 0 0 0 0 0 0 0 0 0 0 0 0