50 500
1 21
1 8
1 16
1 47
1 26
1 38
1 7
1 17
1 18
1 49
1 19
1 40
1 6
1 14
1 43
1 10
1 25
2 6
2 31
2 20
2 44
2 45
2 14
2 15
2 49
2 26
2 12
2 8
2 17
2 16
2 28
2 18
2 41
2 33
2 43
2 34
2 46
2 47
3 44
3 24
3 26
3 9
3 38
3 19
3 14
3 23
3 8
3 36
3 20
3 43
3 34
3 45
3 22
3 32
3 18
3 41
3 7
3 40
3 42
3 12
4 23
4 37
4 44
4 27
4 43
4 30
4 39
4 16
4 33
4 26
4 28
4 7
4 47
4 49
4 40
4 17
5 48
5 18
5 28
5 39
5 11
5 6
5 12
5 20
5 26
5 14
5 23
5 44
5 34
5 29
5 30
5 41
6 16
6 32
6 14
6 42
6 30
6 48
6 49
6 19
6 34
6 39
6 25
6 36
6 20
6 15
6 7
6 46
6 9
6 24
6 47
6 29
6 37
7 44
7 15
7 46
7 33
7 30
7 43
7 48
7 50
7 13
7 49
7 27
7 21
7 31
7 32
7 20
8 38
8 28
8 43
8 11
8 50
8 32
8 46
8 35
8 13
8 12
8 18
8 19
8 41
8 31
8 42
8 9
8 37
9 10
9 21
9 49
9 32
9 37
9 47
9 34
9 39
9 45
9 28
9 33
9 46
9 23
9 36
9 41
9 13
9 48
9 42
9 26
9 12
9 25
10 38
10 28
10 32
10 23
10 45
10 35
10 15
10 49
10 48
10 26
10 20
10 21
10 16
10 19
10 47
11 47
11 48
11 25
11 37
11 31
11 22
11 12
11 38
11 49
11 35
11 15
11 13
11 16
11 43
11 30
11 17
11 33
11 27
11 45
11 46
11 14
11 40
11 41
12 23
12 20
12 48
12 39
12 36
12 21
12 28
12 29
12 22
12 47
12 25
12 30
12 31
12 50
12 40
12 42
12 15
12 24
13 14
13 40
13 45
13 29
13 20
13 21
13 17
13 30
13 25
13 24
13 49
13 27
13 19
13 34
13 44
14 31
14 35
14 26
14 21
14 43
14 23
14 49
14 46
14 42
14 20
14 36
14 29
14 30
14 45
14 24
15 41
15 37
15 32
15 33
15 46
15 31
15 23
15 18
15 22
15 43
15 45
15 25
15 19
16 29
16 36
16 43
16 25
16 31
16 49
16 48
16 39
16 27
16 30
17 39
17 28
17 49
17 48
17 36
17 23
17 19
17 26
17 34
17 38
17 44
17 40
17 50
17 43
18 20
18 39
18 23
18 22
18 35
18 43
18 33
18 29
18 40
18 49
18 44
18 25
18 50
18 19
18 36
19 34
19 43
19 38
19 20
19 23
19 35
19 31
19 29
19 36
19 41
19 30
19 44
19 21
20 34
20 48
20 44
20 43
20 33
20 49
20 28
21 41
21 31
21 50
21 36
21 42
21 38
21 44
21 43
21 35
21 33
21 30
22 44
22 33
22 29
22 43
22 37
22 32
22 23
22 45
22 35
22 36
22 31
22 28
22 48
22 34
22 46
23 49
23 29
23 45
23 36
23 37
23 26
23 46
23 41
24 49
24 44
24 43
24 27
24 42
24 50
24 38
24 33
24 28
24 25
24 48
25 42
25 45
25 33
25 40
25 47
25 48
25 50
25 43
25 27
26 28
26 50
26 32
26 37
26 35
26 33
26 27
26 39
26 30
26 44
26 34
27 33
27 28
27 44
27 49
27 35
27 38
27 45
27 47
27 31
27 30
27 29
28 39
28 35
28 36
28 31
28 38
28 37
28 43
29 37
29 40
29 32
29 44
29 35
29 38
29 43
29 41
29 46
29 48
30 49
30 31
30 42
30 48
31 42
31 46
31 32
31 44
31 48
31 36
31 49
32 35
32 45
32 37
32 49
32 46
32 48
33 38
33 48
33 35
33 37
33 47
34 48
34 37
34 41
34 36
34 44
34 40
34 39
34 46
35 42
35 49
35 36
35 46
35 44
35 43
35 40
35 47
35 37
36 42
36 39
36 46
36 47
37 43
37 40
37 46
37 39
37 42
37 45
37 44
38 47
38 39
38 48
38 43
39 42
39 45
39 41
39 43
39 48
40 47
40 46
40 49
40 44
41 49
41 43
41 44
41 48
41 42
42 44
42 45
42 46
43 47
44 47
44 50
45 48
45 47
45 46
45 49
46 48
46 50
47 49
48 49
49 50
0 0 0 0 0 0 0 0 0 0 0 0 0 0 0 0 0 0 0 0 0 0 0 0 0 0 0 0 0 0 0 0 0 0 0 0 0 0 0 0 0 0 0 0 0 0 0 0 0 0